Predicted values for the next day:
Open: 0.0225525
Close: 0.0108948
High: 0.0203857
Low: 0.0188599
Volume: 0